0.08       1
0.16       1.06
0.24       1.12
0.32       1.17
0.4       1.22
0.48       1.26
0.56       1.3
0.64       1.33
0.72       1.36
0.8       1.39
0.88       1.42
0.96       1.44
1.04       1.46
1.12       1.47
1.2       1.49
1.28       1.5
1.36       1.51
1.44       1.51
1.52       1.52
1.6       1.52
1.68       1.53
1.76       1.53
1.84       1.53
1.92       1.52
2       1.52
2.08       1.51
2.16       1.5
2.24       1.49
2.32       1.48
2.4       1.47
2.48       1.45
2.56       1.43
2.64       1.41
2.72       1.38
2.8       1.36
2.88       1.32
2.96       1.29
3.04       1.25
3.12       1.21
3.2       1.16
3.28       1.1
3.36       1.05
3.44       0.98
3.52       0.92
3.6       0.84
3.68       0.76
3.76       0.68
3.84       0.59
3.92       0.5
4       0.41
4.08       0.31
4.16       0.21
4.24       0.11
4.32       0
4.4       -0.1
4.48       -0.2
4.56       -0.3
4.64       -0.4
4.72       -0.5
4.8       -0.59
4.88       -0.67
4.96       -0.76
5.04       -0.84
5.12       -0.91
5.2       -0.98
5.28       -1.04
5.36       -1.1
5.44       -1.15
5.52       -1.2
5.6       -1.25
5.68       -1.29
5.76       -1.32
5.84       -1.35
5.92       -1.38
6       -1.41
6.08       -1.43
6.16       -1.45
6.24       -1.47
6.32       -1.48
6.4       -1.49
6.48       -1.5
6.56       -1.51
6.64       -1.52
6.72       -1.52
6.8       -1.53
6.88       -1.53
6.96       -1.53
7.04       -1.52
7.12       -1.52
7.2       -1.52
7.28       -1.51
7.36       -1.5
7.44       -1.49
7.52       -1.47
7.6       -1.46
7.68       -1.44
7.75999       -1.42
7.83999       -1.39
7.91999       -1.37
7.99999       -1.34
8.08       -1.3
8.16       -1.26
8.24       -1.22
8.31999       -1.17
8.39999       -1.12
8.47999       -1.07
8.55999       -1.01
8.63999       -0.94
8.71999       -0.87
8.79999       -0.79
8.87999       -0.71
8.95999       -0.62
9.03999       -0.53
9.11999       -0.44
9.19999       -0.34
9.27999       -0.24
9.35999       -0.14
9.43999       -0.04
9.51999       0.06
9.59999       0.17
9.67999       0.27
9.75999       0.37
9.83999       0.46
9.91999       0.56
9.99999       0.65
10.08       0.73
10.16       0.81
10.24       0.89
10.32       0.96
10.4       1.02
10.48       1.08
10.56       1.14
10.64       1.19
10.72       1.23
10.8       1.27
10.88       1.31
10.96       1.34
11.04       1.37
11.12       1.4
11.2       1.42
11.28       1.44
11.36       1.46
11.44       1.48
11.52       1.49
11.6       1.5
11.68       1.51
11.76       1.52
11.84       1.52
11.92       1.53
12       1.53
12.08       1.53
12.16       1.53
12.24       1.52
12.32       1.52
12.4       1.51
12.48       1.5
12.56       1.49
12.64       1.48
12.72       1.46
12.8       1.45
12.88       1.42
12.96       1.4
13.04       1.38
13.12       1.35
13.2       1.31
13.28       1.28
13.36       1.24
13.44       1.19
13.52       1.14
13.6       1.09
13.68       1.03
13.76       0.96
13.84       0.89
13.92       0.82
14       0.74
14.08       0.65
14.16       0.57
14.24       0.47
14.32       0.38
14.4       0.28
14.48       0.18
14.56       0.07
14.64       -0.03
14.72       -0.13
14.8       -0.23
14.88       -0.33
14.96       -0.43
15.04       -0.53
15.12       -0.62
15.2       -0.7
15.28       -0.78
15.36       -0.86
15.44       -0.93
15.52       -1
15.6       -1.06
15.68       -1.12
15.76       -1.17
15.84       -1.22
15.92       -1.26
16       -1.3
16.08       -1.33
16.16       -1.36
16.24       -1.39
16.32       -1.42
16.4       -1.44
16.48       -1.46
16.56       -1.47
16.64       -1.49
16.72       -1.5
16.8       -1.51
16.88       -1.51
16.96       -1.52
17.04       -1.52
17.12       -1.53
17.2       -1.53
17.28       -1.53
17.36       -1.52
17.44       -1.52
17.52       -1.51
17.6       -1.5
17.68       -1.49
17.76       -1.48
17.84       -1.47
17.92       -1.45
18       -1.43
18.08       -1.41
18.16       -1.38
18.24       -1.36
18.32       -1.32
18.4       -1.29
18.48       -1.25
18.56       -1.21
18.64       -1.16
18.72       -1.1
18.8       -1.05
18.88       -0.98
18.96       -0.92
19.04       -0.84
19.12       -0.77
19.2       -0.68
19.28       -0.6
19.36       -0.5
19.44       -0.41
19.52       -0.31
19.6       -0.21
19.68       -0.11
19.76       -0.01
19.84       0.1
19.92       0.2
20       0.3
20.08       0.4
20.16       0.49
20.24       0.59
20.32       0.67
20.4       0.76
20.48       0.84
20.56       0.91
20.64       0.98
20.72       1.04
20.8       1.1
20.88       1.15
20.96       1.2
21.04       1.25
21.12       1.29
21.2       1.32
21.28       1.35
21.36       1.38
21.44       1.41
21.52       1.43
21.6       1.45
21.68       1.47
21.76       1.48
21.84       1.49
21.92       1.5
22       1.51
22.08       1.52
22.16       1.52
22.24       1.53
22.32       1.53
22.4       1.53
22.48       1.52
22.56       1.52
22.64       1.52
22.72       1.51
22.8       1.5
22.88       1.49
22.96       1.47
23.04       1.46
23.12       1.44
23.2       1.42
23.28       1.39
23.36       1.37
23.44       1.34
23.52       1.3
23.6       1.26
23.68       1.22
23.76       1.17
23.84       1.12
23.92       1.07
24       1.01
24.08       0.94
24.16       0.87
24.24       0.79
24.32       0.71
24.4       0.63
24.48       0.54
24.56       0.44
24.64       0.34
24.72       0.24
24.8       0.14
24.88       0.04
24.96       -0.06
25.04       -0.17
25.12       -0.27
25.2       -0.37
25.28       -0.46
25.36       -0.56
25.44       -0.65
25.52       -0.73
25.6       -0.81
25.68       -0.89
25.76       -0.96
25.84       -1.02
25.92       -1.08
26       -1.14
26.08       -1.19
26.16       -1.23
26.24       -1.27
26.32       -1.31
26.4       -1.34
26.48       -1.37
26.56       -1.4
26.64       -1.42
26.72       -1.44
26.8       -1.46
26.88       -1.48
26.96       -1.49
27.04       -1.5
27.12       -1.51
27.2       -1.52
27.28       -1.52
27.36       -1.53
27.44       -1.53
27.52       -1.53
27.6       -1.53
27.68       -1.52
27.76       -1.52
27.84       -1.51
27.92       -1.5
28       -1.49
28.08       -1.48
28.16       -1.46
28.24       -1.45
28.32       -1.43
28.4       -1.4
28.48       -1.38
28.56       -1.35
28.64       -1.31
28.72       -1.28
28.8       -1.24
28.88       -1.19
28.96       -1.14
29.04       -1.09
29.12       -1.03
29.2       -0.96
29.28       -0.89
29.36       -0.82
29.44       -0.74
29.52       -0.65
29.6       -0.57
29.68       -0.47
29.76       -0.38
29.84       -0.28
29.92       -0.18
30       -0.07
30.08       0.03
30.16       0.13
30.24       0.23
30.32       0.33
30.4       0.43
30.48       0.53
30.56       0.62
30.64       0.7
30.72       0.78
30.8       0.86
30.88       0.93
30.96       1
31.04       1.06
31.12       1.12
31.2       1.17
31.28       1.22
31.36       1.26
31.44       1.3
31.52       1.33
31.6       1.36
31.68       1.39
31.76       1.42
31.84       1.44
31.92       1.46
32       1.47
32.08       1.49
32.16       1.5
32.24       1.51
32.32       1.52
32.4       1.52
32.48       1.52
32.56       1.53
32.64       1.53
32.72       1.53
32.8       1.52
32.88       1.52
32.96       1.51
33.04       1.51
33.12       1.5
33.2       1.48
33.28       1.47
33.36       1.45
33.44       1.43
33.52       1.41
33.6       1.38
33.68       1.36
33.76       1.32
33.84       1.29
33.92       1.25
34       1.21
34.08       1.16
34.16       1.1
34.24       1.05
34.32       0.98
34.4       0.92
34.48       0.84
34.56       0.76
34.64       0.68
34.72       0.59
34.8       0.5
34.88       0.41
34.96       0.31
35.04       0.21
35.12       0.11
35.2       0
35.28       -0.1
35.3601       -0.2
35.4401       -0.3
35.5201       -0.4
35.6001       -0.5
35.6801       -0.59
35.7601       -0.68
35.8401       -0.76
35.9201       -0.84
36.0001       -0.91
36.0801       -0.98
36.1601       -1.04
36.2401       -1.1
36.3201       -1.15
36.4001       -1.2
36.4801       -1.25
36.5601       -1.29
36.6401       -1.32
36.7201       -1.35
36.8001       -1.38
36.8801       -1.41
36.9601       -1.43
37.0401       -1.45
37.1201       -1.47
37.2001       -1.48
37.2801       -1.49
37.3601       -1.5
37.4401       -1.51
37.5201       -1.52
37.6001       -1.52
37.6801       -1.53
37.7601       -1.53
37.8401       -1.53
37.9201       -1.53
38.0001       -1.52
38.0801       -1.52
38.1601       -1.51
38.2401       -1.5
38.3201       -1.49
38.4001       -1.47
38.4801       -1.46
38.5601       -1.44
38.6401       -1.42
38.7201       -1.39
38.8001       -1.37
38.8801       -1.34
38.9601       -1.3
39.0401       -1.26
39.1201       -1.22
39.2001       -1.17
39.2801       -1.12
39.3601       -1.07
39.4401       -1
39.5201       -0.94
39.6001       -0.87
39.6801       -0.79
39.7602       -0.71
39.8402       -0.62
39.9202       -0.53
40.0002       -0.44
40.0802       -0.34
40.1602       -0.24
40.2402       -0.14
40.3202       -0.04
40.4002       0.07
40.4802       0.17
40.5602       0.27
40.6402       0.37
40.7202       0.47
40.8002       0.56
40.8802       0.65
40.9602       0.73
41.0402       0.81
41.1202       0.89
41.2002       0.96
41.2802       1.02
41.3602       1.08
41.4402       1.14
41.5202       1.19
41.6002       1.23
41.6802       1.27
41.7602       1.31
41.8402       1.34
41.9202       1.37
42.0002       1.4
42.0802       1.42
42.1602       1.44
42.2402       1.46
42.3202       1.48
42.4002       1.49
42.4802       1.5
42.5602       1.51
42.6402       1.52
42.7202       1.52
42.8002       1.53
42.8802       1.53
42.9602       1.53
43.0402       1.53
43.1202       1.52
43.2002       1.52
43.2802       1.51
43.3602       1.5
43.4402       1.49
43.5202       1.48
43.6002       1.46
43.6802       1.45
43.7602       1.43
43.8402       1.4
43.9202       1.38
44.0002       1.35
44.0802       1.31
44.1603       1.28
44.2403       1.23
44.3203       1.19
44.4003       1.14
44.4803       1.08
44.5603       1.03
44.6403       0.96
44.7203       0.89
44.8003       0.82
44.8803       0.74
44.9603       0.65
45.0403       0.56
45.1203       0.47
45.2003       0.37
45.2803       0.27
45.3603       0.17
45.4403       0.07
45.5203       -0.03
45.6003       -0.14
45.6803       -0.24
45.7603       -0.34
45.8403       -0.43
45.9203       -0.53
46.0003       -0.62
46.0803       -0.71
46.1603       -0.79
46.2403       -0.86
46.3203       -0.94
46.4003       -1
46.4803       -1.06
46.5603       -1.12
46.6403       -1.17
46.7203       -1.22
46.8003       -1.26
46.8803       -1.3
46.9603       -1.33
47.0403       -1.37
47.1203       -1.39
47.2003       -1.42
47.2803       -1.44
47.3603       -1.46
47.4403       -1.47
47.5203       -1.49
47.6003       -1.5
47.6803       -1.51
47.7603       -1.52
47.8403       -1.52
47.9203       -1.53
48.0003       -1.53
48.0803       -1.53
48.1603       -1.53
48.2403       -1.52
48.3203       -1.52
48.4003       -1.51
48.4804       -1.51
48.5604       -1.5
48.6404       -1.48
48.7204       -1.47
48.8004       -1.45
48.8804       -1.43
48.9604       -1.41
49.0404       -1.38
49.1204       -1.36
49.2004       -1.32
49.2804       -1.29
49.3604       -1.25
49.4404       -1.2
49.5204       -1.16
49.6004       -1.1
49.6804       -1.05
49.7604       -0.98
49.8404       -0.91
49.9204       -0.84
50.0004       -0.76
50.0804       -0.68
50.1604       -0.59
50.2404       -0.5
50.3204       -0.41
50.4004       -0.31
50.4804       -0.21
50.5604       -0.1
50.6404       -0
50.7204       0.1
50.8004       0.2
50.8804       0.31
50.9604       0.4
51.0404       0.5
51.1204       0.59
51.2004       0.68
51.2804       0.76
51.3604       0.84
51.4404       0.91
51.5204       0.98
51.6004       1.04
51.6804       1.1
51.7604       1.16
51.8404       1.2
51.9204       1.25
52.0004       1.29
52.0804       1.32
52.1604       1.36
52.2404       1.38
52.3204       1.41
52.4004       1.43
52.4804       1.45
52.5604       1.47
52.6404       1.48
52.7204       1.5
52.8004       1.51
52.8805       1.51
52.9605       1.52
53.0405       1.52
53.1205       1.53
53.2005       1.53
53.2805       1.53
53.3605       1.53
53.4405       1.52
53.5205       1.52
53.6005       1.51
53.6805       1.5
53.7605       1.49
53.8405       1.47
53.9205       1.46
54.0005       1.44
54.0805       1.42
54.1605       1.39
54.2405       1.37
54.3205       1.33
54.4005       1.3
54.4805       1.26
54.5605       1.22
54.6405       1.17
54.7205       1.12
54.8005       1.06
54.8805       1
54.9605       0.94
55.0405       0.86
55.1205       0.79
55.2005       0.71
55.2805       0.62
55.3605       0.53
55.4405       0.44
55.5205       0.34
55.6005       0.24
55.6805       0.14
55.7605       0.03
55.8405       -0.07
55.9205       -0.17
56.0005       -0.27
56.0805       -0.37
56.1605       -0.47
56.2405       -0.56
56.3205       -0.65
56.4005       -0.74
56.4805       -0.82
56.5605       -0.89
56.6405       -0.96
56.7205       -1.02
56.8005       -1.08
56.8805       -1.14
56.9605       -1.19
57.0405       -1.23
57.1205       -1.28
57.2006       -1.31
57.2806       -1.35
57.3606       -1.38
57.4406       -1.4
57.5206       -1.43
57.6006       -1.45
57.6806       -1.46
57.7606       -1.48
57.8406       -1.49
57.9206       -1.5
58.0006       -1.51
58.0806       -1.52
58.1606       -1.52
58.2406       -1.53
58.3206       -1.53
58.4006       -1.53
58.4806       -1.53
58.5606       -1.52
58.6406       -1.52
58.7206       -1.51
58.8006       -1.5
58.8806       -1.49
58.9606       -1.48
59.0406       -1.46
59.1206       -1.44
59.2006       -1.42
59.2806       -1.4
59.3606       -1.37
59.4406       -1.34
59.5206       -1.31
59.6006       -1.27
59.6806       -1.23
59.7606       -1.19
59.8406       -1.14
59.9206       -1.08
60.0006       -1.02
60.0806       -0.96
60.1606       -0.89
60.2406       -0.81
60.3206       -0.73
60.4006       -0.65
60.4806       -0.56
60.5606       -0.47
60.6406       -0.37
60.7206       -0.27
60.8006       -0.17
60.8806       -0.07
60.9606       0.04
61.0406       0.14
61.1206       0.24
61.2006       0.34
61.2806       0.44
61.3606       0.53
61.4406       0.62
61.5206       0.71
61.6007       0.79
61.6807       0.87
61.7607       0.94
61.8407       1.01
61.9207       1.07
62.0007       1.12
62.0807       1.17
62.1607       1.22
62.2407       1.26
62.3207       1.3
62.4007       1.34
62.4807       1.37
62.5607       1.39
62.6407       1.42
62.7207       1.44
62.8007       1.46
62.8807       1.47
62.9607       1.49
63.0407       1.5
63.1207       1.51
63.2007       1.52
63.2807       1.52
63.3607       1.53
63.4407       1.53
63.5207       1.53
63.6007       1.53
63.6807       1.52
63.7607       1.52
63.8407       1.51
63.9207       1.51
