1       1       1
0.95       1.06       0.97
0.9       1.12       0.94
0.85       1.17       0.91
0.8       1.22       0.88
0.75       1.26       0.85
0.7       1.3       0.82
0.65       1.33       0.79
0.6       1.36       0.77
0.55       1.39       0.74
0.5       1.42       0.72
0.45       1.44       0.7
0.4       1.46       0.68
0.35       1.47       0.66
0.31       1.49       0.65
0.26       1.5       0.63
0.22       1.51       0.62
0.17       1.51       0.61
0.13       1.52       0.61
0.08       1.52       0.6
0.04       1.53       0.6
-0.01       1.53       0.6
-0.05       1.53       0.6
-0.09       1.52       0.6
-0.14       1.52       0.61
-0.18       1.51       0.62
-0.23       1.5       0.63
-0.27       1.49       0.64
-0.32       1.48       0.65
-0.37       1.47       0.67
-0.41       1.45       0.68
-0.46       1.43       0.7
-0.51       1.41       0.72
-0.56       1.38       0.75
-0.61       1.36       0.77
-0.66       1.32       0.8
-0.71       1.29       0.83
-0.76       1.25       0.85
-0.81       1.21       0.88
-0.86       1.16       0.92
-0.91       1.1       0.95
-0.96       1.05       0.98
-1.01       0.98       1.01
-1.06       0.92       1.04
-1.1       0.84       1.07
-1.15       0.76       1.1
-1.18       0.68       1.12
-1.22       0.59       1.15
-1.25       0.5       1.17
-1.28       0.41       1.18
-1.3       0.31       1.2
-1.31       0.21       1.21
-1.32       0.11       1.21
-1.32       0       1.22
-1.32       -0.1       1.22
-1.31       -0.2       1.21
-1.3       -0.3       1.2
-1.28       -0.4       1.19
-1.25       -0.5       1.17
-1.22       -0.59       1.15
-1.19       -0.67       1.12
-1.15       -0.76       1.1
-1.11       -0.84       1.07
-1.06       -0.91       1.04
-1.02       -0.98       1.01
-0.97       -1.04       0.98
-0.92       -1.1       0.95
-0.87       -1.15       0.92
-0.82       -1.2       0.89
-0.77       -1.25       0.86
-0.71       -1.29       0.83
-0.66       -1.32       0.8
-0.61       -1.35       0.77
-0.56       -1.38       0.75
-0.51       -1.41       0.73
-0.46       -1.43       0.71
-0.42       -1.45       0.69
-0.37       -1.47       0.67
-0.32       -1.48       0.65
-0.28       -1.49       0.64
-0.23       -1.5       0.63
-0.19       -1.51       0.62
-0.14       -1.52       0.61
-0.1       -1.52       0.6
-0.05       -1.53       0.6
-0.01       -1.53       0.6
0.03       -1.53       0.6
0.08       -1.52       0.6
0.12       -1.52       0.61
0.17       -1.52       0.61
0.21       -1.51       0.62
0.26       -1.5       0.63
0.3       -1.49       0.65
0.35       -1.47       0.66
0.4       -1.46       0.68
0.44       -1.44       0.7
0.49       -1.42       0.72
0.54       -1.39       0.74
0.59       -1.37       0.76
0.64       -1.34       0.79
0.69       -1.3       0.82
0.74       -1.26       0.84
0.8       -1.22       0.87
0.85       -1.17       0.9
0.9       -1.12       0.94
0.95       -1.07       0.97
1       -1.01       1
1.04       -0.94       1.03
1.09       -0.87       1.06
1.13       -0.79       1.09
1.17       -0.71       1.11
1.21       -0.62       1.14
1.24       -0.53       1.16
1.27       -0.44       1.18
1.29       -0.34       1.19
1.31       -0.24       1.21
1.32       -0.14       1.21
1.32       -0.04       1.22
1.32       0.06       1.22
1.32       0.17       1.21
1.3       0.27       1.2
1.28       0.37       1.19
1.26       0.46       1.17
1.23       0.56       1.15
1.2       0.65       1.13
1.16       0.73       1.11
1.12       0.81       1.08
1.08       0.89       1.05
1.03       0.96       1.02
0.98       1.02       0.99
0.94       1.08       0.96
0.89       1.14       0.93
0.83       1.19       0.9
0.78       1.23       0.87
0.73       1.27       0.84
0.68       1.31       0.81
0.63       1.34       0.78
0.58       1.37       0.76
0.53       1.4       0.73
0.48       1.42       0.71
0.43       1.44       0.69
0.39       1.46       0.67
0.34       1.48       0.66
0.29       1.49       0.64
0.25       1.5       0.63
0.2       1.51       0.62
0.16       1.52       0.61
0.11       1.52       0.61
0.07       1.53       0.6
0.02       1.53       0.6
-0.02       1.53       0.6
-0.06       1.53       0.6
-0.11       1.52       0.61
-0.15       1.52       0.61
-0.2       1.51       0.62
-0.24       1.5       0.63
-0.29       1.49       0.64
-0.33       1.48       0.66
-0.38       1.46       0.67
-0.43       1.45       0.69
-0.48       1.42       0.71
-0.53       1.4       0.73
-0.58       1.38       0.76
-0.63       1.35       0.78
-0.68       1.31       0.81
-0.73       1.28       0.84
-0.78       1.24       0.86
-0.83       1.19       0.89
-0.88       1.14       0.93
-0.93       1.09       0.96
-0.98       1.03       0.99
-1.03       0.96       1.02
-1.07       0.89       1.05
-1.12       0.82       1.08
-1.16       0.74       1.1
-1.2       0.65       1.13
-1.23       0.57       1.15
-1.26       0.47       1.17
-1.28       0.38       1.19
-1.3       0.28       1.2
-1.31       0.18       1.21
-1.32       0.07       1.22
-1.32       -0.03       1.22
-1.32       -0.13       1.21
-1.31       -0.23       1.21
-1.29       -0.33       1.2
-1.27       -0.43       1.18
-1.24       -0.53       1.16
-1.21       -0.62       1.14
-1.18       -0.7       1.12
-1.14       -0.78       1.09
-1.09       -0.86       1.06
-1.05       -0.93       1.03
-1       -1       1
-0.95       -1.06       0.97
-0.9       -1.12       0.94
-0.85       -1.17       0.91
-0.8       -1.22       0.88
-0.75       -1.26       0.85
-0.7       -1.3       0.82
-0.65       -1.33       0.79
-0.6       -1.36       0.77
-0.55       -1.39       0.74
-0.5       -1.42       0.72
-0.45       -1.44       0.7
-0.4       -1.46       0.68
-0.35       -1.47       0.66
-0.31       -1.49       0.65
-0.26       -1.5       0.63
-0.22       -1.51       0.62
-0.17       -1.51       0.61
-0.13       -1.52       0.61
-0.08       -1.52       0.6
-0.04       -1.53       0.6
0.01       -1.53       0.6
0.05       -1.53       0.6
0.09       -1.52       0.6
0.14       -1.52       0.61
0.18       -1.51       0.62
0.23       -1.5       0.63
0.27       -1.49       0.64
0.32       -1.48       0.65
0.37       -1.47       0.67
0.41       -1.45       0.68
0.46       -1.43       0.7
0.51       -1.41       0.72
0.56       -1.38       0.75
0.61       -1.36       0.77
0.66       -1.32       0.8
0.71       -1.29       0.83
0.76       -1.25       0.85
0.81       -1.21       0.88
0.86       -1.16       0.91
0.91       -1.1       0.95
0.96       -1.05       0.98
1.01       -0.98       1.01
1.06       -0.92       1.04
1.1       -0.84       1.07
1.15       -0.77       1.1
1.18       -0.68       1.12
1.22       -0.6       1.15
1.25       -0.5       1.17
1.28       -0.41       1.18
1.3       -0.31       1.2
1.31       -0.21       1.21
1.32       -0.11       1.22
1.32       -0.01       1.22
1.32       0.1       1.22
1.31       0.2       1.21
1.3       0.3       1.2
1.28       0.4       1.19
1.25       0.49       1.17
1.22       0.59       1.15
1.19       0.67       1.12
1.15       0.76       1.1
1.11       0.84       1.07
1.06       0.91       1.04
1.02       0.98       1.01
0.97       1.04       0.98
0.92       1.1       0.95
0.87       1.15       0.92
0.82       1.2       0.89
0.77       1.25       0.86
0.71       1.29       0.83
0.66       1.32       0.8
0.61       1.35       0.77
0.56       1.38       0.75
0.51       1.41       0.73
0.47       1.43       0.71
0.42       1.45       0.69
0.37       1.47       0.67
0.32       1.48       0.65
0.28       1.49       0.64
0.23       1.5       0.63
0.19       1.51       0.62
0.14       1.52       0.61
0.1       1.52       0.6
0.05       1.53       0.6
0.01       1.53       0.6
-0.03       1.53       0.6
-0.08       1.52       0.6
-0.12       1.52       0.61
-0.17       1.52       0.61
-0.21       1.51       0.62
-0.26       1.5       0.63
-0.3       1.49       0.65
-0.35       1.47       0.66
-0.4       1.46       0.68
-0.44       1.44       0.7
-0.49       1.42       0.72
-0.54       1.39       0.74
-0.59       1.37       0.76
-0.64       1.34       0.79
-0.69       1.3       0.82
-0.74       1.26       0.84
-0.8       1.22       0.87
-0.85       1.17       0.9
-0.9       1.12       0.94
-0.95       1.07       0.97
-1       1.01       1
-1.04       0.94       1.03
-1.09       0.87       1.06
-1.13       0.79       1.09
-1.17       0.71       1.11
-1.21       0.63       1.14
-1.24       0.54       1.16
-1.27       0.44       1.18
-1.29       0.34       1.19
-1.31       0.24       1.21
-1.32       0.14       1.21
-1.32       0.04       1.22
-1.32       -0.06       1.22
-1.32       -0.17       1.21
-1.3       -0.27       1.2
-1.28       -0.37       1.19
-1.26       -0.46       1.17
-1.23       -0.56       1.15
-1.2       -0.65       1.13
-1.16       -0.73       1.11
-1.12       -0.81       1.08
-1.08       -0.89       1.05
-1.03       -0.96       1.02
-0.98       -1.02       0.99
-0.94       -1.08       0.96
-0.89       -1.14       0.93
-0.83       -1.19       0.9
-0.78       -1.23       0.87
-0.73       -1.27       0.84
-0.68       -1.31       0.81
-0.63       -1.34       0.78
-0.58       -1.37       0.76
-0.53       -1.4       0.73
-0.48       -1.42       0.71
-0.43       -1.44       0.69
-0.39       -1.46       0.67
-0.34       -1.48       0.66
-0.29       -1.49       0.64
-0.25       -1.5       0.63
-0.2       -1.51       0.62
-0.16       -1.52       0.61
-0.11       -1.52       0.61
-0.07       -1.53       0.6
-0.02       -1.53       0.6
0.02       -1.53       0.6
0.06       -1.53       0.6
0.11       -1.52       0.61
0.15       -1.52       0.61
0.2       -1.51       0.62
0.24       -1.5       0.63
0.29       -1.49       0.64
0.33       -1.48       0.66
0.38       -1.46       0.67
0.43       -1.45       0.69
0.48       -1.43       0.71
0.53       -1.4       0.73
0.58       -1.38       0.76
0.63       -1.35       0.78
0.68       -1.31       0.81
0.73       -1.28       0.84
0.78       -1.24       0.86
0.83       -1.19       0.89
0.88       -1.14       0.93
0.93       -1.09       0.96
0.98       -1.03       0.99
1.03       -0.96       1.02
1.07       -0.89       1.05
1.12       -0.82       1.08
1.16       -0.74       1.1
1.2       -0.65       1.13
1.23       -0.57       1.15
1.26       -0.47       1.17
1.28       -0.38       1.19
1.3       -0.28       1.2
1.31       -0.18       1.21
1.32       -0.07       1.22
1.32       0.03       1.22
1.32       0.13       1.21
1.31       0.23       1.21
1.29       0.33       1.2
1.27       0.43       1.18
1.24       0.53       1.16
1.21       0.62       1.14
1.18       0.7       1.12
1.14       0.78       1.09
1.09       0.86       1.06
1.05       0.93       1.03
1       1       1
0.95       1.06       0.97
0.9       1.12       0.94
0.85       1.17       0.91
0.8       1.22       0.88
0.75       1.26       0.85
0.7       1.3       0.82
0.65       1.33       0.79
0.6       1.36       0.77
0.55       1.39       0.74
0.5       1.42       0.72
0.45       1.44       0.7
0.4       1.46       0.68
0.35       1.47       0.66
0.31       1.49       0.65
0.26       1.5       0.63
0.22       1.51       0.62
0.17       1.52       0.61
0.13       1.52       0.61
0.08       1.52       0.6
0.04       1.53       0.6
-0.01       1.53       0.6
-0.05       1.53       0.6
-0.09       1.52       0.6
-0.14       1.52       0.61
-0.18       1.51       0.62
-0.23       1.51       0.63
-0.27       1.5       0.64
-0.32       1.48       0.65
-0.37       1.47       0.67
-0.41       1.45       0.68
-0.46       1.43       0.7
-0.51       1.41       0.72
-0.56       1.38       0.75
-0.61       1.36       0.77
-0.66       1.32       0.8
-0.71       1.29       0.83
-0.76       1.25       0.85
-0.81       1.21       0.88
-0.86       1.16       0.92
-0.91       1.1       0.95
-0.96       1.05       0.98
-1.01       0.98       1.01
-1.06       0.92       1.04
-1.1       0.84       1.07
-1.15       0.76       1.1
-1.18       0.68       1.12
-1.22       0.59       1.15
-1.25       0.5       1.17
-1.28       0.41       1.18
-1.3       0.31       1.2
-1.31       0.21       1.21
-1.32       0.11       1.22
-1.32       0       1.22
-1.32       -0.1       1.22
-1.31       -0.2       1.21
-1.3       -0.3       1.2
-1.28       -0.4       1.19
-1.25       -0.5       1.17
-1.22       -0.59       1.15
-1.19       -0.68       1.12
-1.15       -0.76       1.1
-1.11       -0.84       1.07
-1.06       -0.91       1.04
-1.02       -0.98       1.01
-0.97       -1.04       0.98
-0.92       -1.1       0.95
-0.87       -1.15       0.92
-0.82       -1.2       0.89
-0.77       -1.25       0.86
-0.71       -1.29       0.83
-0.66       -1.32       0.8
-0.61       -1.35       0.77
-0.56       -1.38       0.75
-0.51       -1.41       0.73
-0.46       -1.43       0.71
-0.42       -1.45       0.69
-0.37       -1.47       0.67
-0.32       -1.48       0.65
-0.28       -1.49       0.64
-0.23       -1.5       0.63
-0.19       -1.51       0.62
-0.14       -1.52       0.61
-0.1       -1.52       0.6
-0.05       -1.53       0.6
-0.01       -1.53       0.6
0.04       -1.53       0.6
0.08       -1.53       0.6
0.12       -1.52       0.61
0.17       -1.52       0.61
0.21       -1.51       0.62
0.26       -1.5       0.63
0.3       -1.49       0.65
0.35       -1.47       0.66
0.4       -1.46       0.68
0.45       -1.44       0.7
0.49       -1.42       0.72
0.54       -1.39       0.74
0.59       -1.37       0.76
0.64       -1.34       0.79
0.69       -1.3       0.82
0.75       -1.26       0.85
0.8       -1.22       0.87
0.85       -1.17       0.91
0.9       -1.12       0.94
0.95       -1.07       0.97
1       -1       1
1.04       -0.94       1.03
1.09       -0.87       1.06
1.13       -0.79       1.09
1.17       -0.71       1.11
1.21       -0.62       1.14
1.24       -0.53       1.16
1.27       -0.44       1.18
1.29       -0.34       1.19
1.31       -0.24       1.21
1.32       -0.14       1.21
1.32       -0.04       1.22
1.32       0.07       1.22
1.32       0.17       1.21
1.3       0.27       1.2
1.28       0.37       1.19
1.26       0.47       1.17
1.23       0.56       1.15
1.2       0.65       1.13
1.16       0.73       1.11
1.12       0.81       1.08
1.08       0.89       1.05
1.03       0.96       1.02
0.98       1.02       0.99
0.93       1.08       0.96
0.88       1.14       0.93
0.83       1.19       0.9
0.78       1.23       0.87
0.73       1.27       0.84
0.68       1.31       0.81
0.63       1.34       0.78
0.58       1.37       0.76
0.53       1.4       0.73
0.48       1.42       0.71
0.43       1.44       0.69
0.38       1.46       0.67
0.34       1.48       0.66
0.29       1.49       0.64
0.25       1.5       0.63
0.2       1.51       0.62
0.16       1.52       0.61
0.11       1.52       0.61
0.07       1.53       0.6
0.02       1.53       0.6
-0.02       1.53       0.6
-0.06       1.53       0.6
-0.11       1.52       0.61
-0.15       1.52       0.61
-0.2       1.51       0.62
-0.24       1.5       0.63
-0.29       1.49       0.64
-0.34       1.48       0.66
-0.38       1.46       0.67
-0.43       1.45       0.69
-0.48       1.43       0.71
-0.53       1.4       0.73
-0.58       1.38       0.76
-0.63       1.35       0.78
-0.68       1.31       0.81
-0.73       1.28       0.84
-0.78       1.23       0.87
-0.83       1.19       0.9
-0.88       1.14       0.93
-0.93       1.08       0.96
-0.98       1.03       0.99
-1.03       0.96       1.02
-1.08       0.89       1.05
-1.12       0.82       1.08
-1.16       0.74       1.11
-1.2       0.65       1.13
-1.23       0.56       1.15
-1.26       0.47       1.17
-1.28       0.37       1.19
-1.3       0.27       1.2
-1.32       0.17       1.21
-1.32       0.07       1.22
-1.32       -0.03       1.22
-1.32       -0.14       1.21
-1.31       -0.24       1.21
-1.29       -0.34       1.2
-1.27       -0.43       1.18
-1.24       -0.53       1.16
-1.21       -0.62       1.14
-1.17       -0.71       1.11
-1.13       -0.79       1.09
-1.09       -0.86       1.06
-1.05       -0.94       1.03
-1       -1       1
-0.95       -1.06       0.97
-0.9       -1.12       0.94
-0.85       -1.17       0.91
-0.8       -1.22       0.88
-0.75       -1.26       0.85
-0.7       -1.3       0.82
-0.65       -1.33       0.79
-0.6       -1.37       0.77
-0.55       -1.39       0.74
-0.5       -1.42       0.72
-0.45       -1.44       0.7
-0.4       -1.46       0.68
-0.35       -1.47       0.66
-0.31       -1.49       0.65
-0.26       -1.5       0.63
-0.21       -1.51       0.62
-0.17       -1.52       0.61
-0.13       -1.52       0.61
-0.08       -1.53       0.6
-0.04       -1.53       0.6
0.01       -1.53       0.6
0.05       -1.53       0.6
0.09       -1.52       0.6
0.14       -1.52       0.61
0.18       -1.51       0.62
0.23       -1.51       0.63
0.27       -1.5       0.64
0.32       -1.48       0.65
0.37       -1.47       0.67
0.41       -1.45       0.68
0.46       -1.43       0.7
0.51       -1.41       0.73
0.56       -1.38       0.75
0.61       -1.36       0.77
0.66       -1.32       0.8
0.71       -1.29       0.83
0.76       -1.25       0.86
0.81       -1.2       0.89
0.87       -1.16       0.92
0.92       -1.1       0.95
0.97       -1.05       0.98
1.01       -0.98       1.01
1.06       -0.91       1.04
1.11       -0.84       1.07
1.15       -0.76       1.1
1.19       -0.68       1.12
1.22       -0.59       1.15
1.25       -0.5       1.17
1.28       -0.41       1.18
1.3       -0.31       1.2
1.31       -0.21       1.21
1.32       -0.1       1.22
1.32       -0       1.22
1.32       0.1       1.22
1.31       0.2       1.21
1.3       0.31       1.2
1.28       0.4       1.19
1.25       0.5       1.17
1.22       0.59       1.15
1.19       0.68       1.12
1.15       0.76       1.1
1.11       0.84       1.07
1.06       0.91       1.04
1.02       0.98       1.01
0.97       1.04       0.98
0.92       1.1       0.95
0.87       1.16       0.92
0.82       1.2       0.89
0.76       1.25       0.86
0.71       1.29       0.83
0.66       1.32       0.8
0.61       1.36       0.77
0.56       1.38       0.75
0.51       1.41       0.73
0.46       1.43       0.7
0.41       1.45       0.68
0.37       1.47       0.67
0.32       1.48       0.65
0.27       1.5       0.64
0.23       1.51       0.63
0.18       1.51       0.62
0.14       1.52       0.61
0.1       1.52       0.6
0.05       1.53       0.6
0.01       1.53       0.6
-0.04       1.53       0.6
-0.08       1.53       0.6
-0.12       1.52       0.61
-0.17       1.52       0.61
-0.21       1.51       0.62
-0.26       1.5       0.63
-0.31       1.49       0.65
-0.35       1.47       0.66
-0.4       1.46       0.68
-0.45       1.44       0.7
-0.5       1.42       0.72
-0.54       1.39       0.74
-0.59       1.37       0.77
-0.64       1.33       0.79
-0.7       1.3       0.82
-0.75       1.26       0.85
-0.8       1.22       0.88
-0.85       1.17       0.91
-0.9       1.12       0.94
-0.95       1.06       0.97
-1       1       1
-1.05       0.94       1.03
-1.09       0.86       1.06
-1.13       0.79       1.09
-1.17       0.71       1.11
-1.21       0.62       1.14
-1.24       0.53       1.16
-1.27       0.44       1.18
-1.29       0.34       1.19
-1.31       0.24       1.21
-1.32       0.14       1.21
-1.32       0.03       1.22
-1.32       -0.07       1.22
-1.32       -0.17       1.21
-1.3       -0.27       1.2
-1.28       -0.37       1.19
-1.26       -0.47       1.17
-1.23       -0.56       1.15
-1.2       -0.65       1.13
-1.16       -0.74       1.11
-1.12       -0.82       1.08
-1.08       -0.89       1.05
-1.03       -0.96       1.02
-0.98       -1.02       0.99
-0.93       -1.08       0.96
-0.88       -1.14       0.93
-0.83       -1.19       0.9
-0.78       -1.23       0.87
-0.73       -1.28       0.84
-0.68       -1.31       0.81
-0.63       -1.35       0.78
-0.58       -1.38       0.76
-0.53       -1.4       0.73
-0.48       -1.43       0.71
-0.43       -1.45       0.69
-0.38       -1.46       0.67
-0.34       -1.48       0.66
-0.29       -1.49       0.64
-0.24       -1.5       0.63
-0.2       -1.51       0.62
-0.15       -1.52       0.61
-0.11       -1.52       0.61
-0.07       -1.53       0.6
-0.02       -1.53       0.6
0.02       -1.53       0.6
0.07       -1.53       0.6
0.11       -1.52       0.61
0.16       -1.52       0.61
0.2       -1.51       0.62
0.25       -1.5       0.63
0.29       -1.49       0.64
0.34       -1.48       0.66
0.38       -1.46       0.67
0.43       -1.44       0.69
0.48       -1.42       0.71
0.53       -1.4       0.73
0.58       -1.37       0.76
0.63       -1.34       0.78
0.68       -1.31       0.81
0.73       -1.27       0.84
0.78       -1.23       0.87
0.83       -1.19       0.9
0.88       -1.14       0.93
0.93       -1.08       0.96
0.98       -1.02       0.99
1.03       -0.96       1.02
1.08       -0.89       1.05
1.12       -0.81       1.08
1.16       -0.73       1.11
1.2       -0.65       1.13
1.23       -0.56       1.15
1.26       -0.47       1.17
1.28       -0.37       1.19
1.3       -0.27       1.2
1.32       -0.17       1.21
1.32       -0.07       1.22
1.32       0.04       1.22
1.32       0.14       1.21
1.31       0.24       1.21
1.29       0.34       1.19
1.27       0.44       1.18
1.24       0.53       1.16
1.21       0.62       1.14
1.17       0.71       1.11
1.13       0.79       1.09
1.09       0.87       1.06
1.05       0.94       1.03
1       1.01       1
0.95       1.07       0.97
0.9       1.12       0.94
0.85       1.17       0.91
0.8       1.22       0.88
0.75       1.26       0.85
0.69       1.3       0.82
0.64       1.34       0.79
0.59       1.37       0.76
0.54       1.39       0.74
0.49       1.42       0.72
0.45       1.44       0.7
0.4       1.46       0.68
0.35       1.47       0.66
0.3       1.49       0.65
0.26       1.5       0.63
0.21       1.51       0.62
0.17       1.52       0.61
0.12       1.52       0.61
0.08       1.53       0.6
0.04       1.53       0.6
-0.01       1.53       0.6
-0.05       1.53       0.6
-0.1       1.52       0.6
-0.14       1.52       0.61
-0.19       1.51       0.62
-0.23       1.51       0.63
