0.08       1
0.16       0.95
0.24       0.9
0.32       0.85
0.4       0.8
0.48       0.75
0.56       0.7
0.64       0.65
0.72       0.6
0.8       0.55
0.88       0.5
0.96       0.45
1.04       0.4
1.12       0.35
1.2       0.31
1.28       0.26
1.36       0.22
1.44       0.17
1.52       0.13
1.6       0.08
1.68       0.04
1.76       -0.01
1.84       -0.05
1.92       -0.09
2       -0.14
2.08       -0.18
2.16       -0.23
2.24       -0.27
2.32       -0.32
2.4       -0.37
2.48       -0.41
2.56       -0.46
2.64       -0.51
2.72       -0.56
2.8       -0.61
2.88       -0.66
2.96       -0.71
3.04       -0.76
3.12       -0.81
3.2       -0.86
3.28       -0.91
3.36       -0.96
3.44       -1.01
3.52       -1.06
3.6       -1.1
3.68       -1.15
3.76       -1.18
3.84       -1.22
3.92       -1.25
4       -1.28
4.08       -1.3
4.16       -1.31
4.24       -1.32
4.32       -1.32
4.4       -1.32
4.48       -1.31
4.56       -1.3
4.64       -1.28
4.72       -1.25
4.8       -1.22
4.88       -1.19
4.96       -1.15
5.04       -1.11
5.12       -1.06
5.2       -1.02
5.28       -0.97
5.36       -0.92
5.44       -0.87
5.52       -0.82
5.6       -0.77
5.68       -0.71
5.76       -0.66
5.84       -0.61
5.92       -0.56
6       -0.51
6.08       -0.46
6.16       -0.42
6.24       -0.37
6.32       -0.32
6.4       -0.28
6.48       -0.23
6.56       -0.19
6.64       -0.14
6.72       -0.1
6.8       -0.05
6.88       -0.01
6.96       0.03
7.04       0.08
7.12       0.12
7.2       0.17
7.28       0.21
7.36       0.26
7.44       0.3
7.52       0.35
7.6       0.4
7.68       0.44
7.75999       0.49
7.83999       0.54
7.91999       0.59
7.99999       0.64
8.08       0.69
8.16       0.74
8.24       0.8
8.31999       0.85
8.39999       0.9
8.47999       0.95
8.55999       1
8.63999       1.04
8.71999       1.09
8.79999       1.13
8.87999       1.17
8.95999       1.21
9.03999       1.24
9.11999       1.27
9.19999       1.29
9.27999       1.31
9.35999       1.32
9.43999       1.32
9.51999       1.32
9.59999       1.32
9.67999       1.3
9.75999       1.28
9.83999       1.26
9.91999       1.23
9.99999       1.2
10.08       1.16
10.16       1.12
10.24       1.08
10.32       1.03
10.4       0.98
10.48       0.94
10.56       0.89
10.64       0.83
10.72       0.78
10.8       0.73
10.88       0.68
10.96       0.63
11.04       0.58
11.12       0.53
11.2       0.48
11.28       0.43
11.36       0.39
11.44       0.34
11.52       0.29
11.6       0.25
11.68       0.2
11.76       0.16
11.84       0.11
11.92       0.07
12       0.02
12.08       -0.02
12.16       -0.06
12.24       -0.11
12.32       -0.15
12.4       -0.2
12.48       -0.24
12.56       -0.29
12.64       -0.33
12.72       -0.38
12.8       -0.43
12.88       -0.48
12.96       -0.53
13.04       -0.58
13.12       -0.63
13.2       -0.68
13.28       -0.73
13.36       -0.78
13.44       -0.83
13.52       -0.88
13.6       -0.93
13.68       -0.98
13.76       -1.03
13.84       -1.07
13.92       -1.12
14       -1.16
14.08       -1.2
14.16       -1.23
14.24       -1.26
14.32       -1.28
14.4       -1.3
14.48       -1.31
14.56       -1.32
14.64       -1.32
14.72       -1.32
14.8       -1.31
14.88       -1.29
14.96       -1.27
15.04       -1.24
15.12       -1.21
15.2       -1.18
15.28       -1.14
15.36       -1.09
15.44       -1.05
15.52       -1
15.6       -0.95
15.68       -0.9
15.76       -0.85
15.84       -0.8
15.92       -0.75
16       -0.7
16.08       -0.65
16.16       -0.6
16.24       -0.55
16.32       -0.5
16.4       -0.45
16.48       -0.4
16.56       -0.35
16.64       -0.31
16.72       -0.26
16.8       -0.22
16.88       -0.17
16.96       -0.13
17.04       -0.08
17.12       -0.04
17.2       0.01
17.28       0.05
17.36       0.09
17.44       0.14
17.52       0.18
17.6       0.23
17.68       0.27
17.76       0.32
17.84       0.37
17.92       0.41
18       0.46
18.08       0.51
18.16       0.56
18.24       0.61
18.32       0.66
18.4       0.71
18.48       0.76
18.56       0.81
18.64       0.86
18.72       0.91
18.8       0.96
18.88       1.01
18.96       1.06
19.04       1.1
19.12       1.15
19.2       1.18
19.28       1.22
19.36       1.25
19.44       1.28
19.52       1.3
19.6       1.31
19.68       1.32
19.76       1.32
19.84       1.32
19.92       1.31
20       1.3
20.08       1.28
20.16       1.25
20.24       1.22
20.32       1.19
20.4       1.15
20.48       1.11
20.56       1.06
20.64       1.02
20.72       0.97
20.8       0.92
20.88       0.87
20.96       0.82
21.04       0.77
21.12       0.71
21.2       0.66
21.28       0.61
21.36       0.56
21.44       0.51
21.52       0.47
21.6       0.42
21.68       0.37
21.76       0.32
21.84       0.28
21.92       0.23
22       0.19
22.08       0.14
22.16       0.1
22.24       0.05
22.32       0.01
22.4       -0.03
22.48       -0.08
22.56       -0.12
22.64       -0.17
22.72       -0.21
22.8       -0.26
22.88       -0.3
22.96       -0.35
23.04       -0.4
23.12       -0.44
23.2       -0.49
23.28       -0.54
23.36       -0.59
23.44       -0.64
23.52       -0.69
23.6       -0.74
23.68       -0.8
23.76       -0.85
23.84       -0.9
23.92       -0.95
24       -1
24.08       -1.04
24.16       -1.09
24.24       -1.13
24.32       -1.17
24.4       -1.21
24.48       -1.24
24.56       -1.27
24.64       -1.29
24.72       -1.31
24.8       -1.32
24.88       -1.32
24.96       -1.32
25.04       -1.32
25.12       -1.3
25.2       -1.28
25.28       -1.26
25.36       -1.23
25.44       -1.2
25.52       -1.16
25.6       -1.12
25.68       -1.08
25.76       -1.03
25.84       -0.98
25.92       -0.94
26       -0.89
26.08       -0.83
26.16       -0.78
26.24       -0.73
26.32       -0.68
26.4       -0.63
26.48       -0.58
26.56       -0.53
26.64       -0.48
26.72       -0.43
26.8       -0.39
26.88       -0.34
26.96       -0.29
27.04       -0.25
27.12       -0.2
27.2       -0.16
27.28       -0.11
27.36       -0.07
27.44       -0.02
27.52       0.02
27.6       0.06
27.68       0.11
27.76       0.15
27.84       0.2
27.92       0.24
28       0.29
28.08       0.33
28.16       0.38
28.24       0.43
28.32       0.48
28.4       0.53
28.48       0.58
28.56       0.63
28.64       0.68
28.72       0.73
28.8       0.78
28.88       0.83
28.96       0.88
29.04       0.93
29.12       0.98
29.2       1.03
29.28       1.07
29.36       1.12
29.44       1.16
29.52       1.2
29.6       1.23
29.68       1.26
29.76       1.28
29.84       1.3
29.92       1.31
30       1.32
30.08       1.32
30.16       1.32
30.24       1.31
30.32       1.29
30.4       1.27
30.48       1.24
30.56       1.21
30.64       1.18
30.72       1.14
30.8       1.09
30.88       1.05
30.96       1
31.04       0.95
31.12       0.9
31.2       0.85
31.28       0.8
31.36       0.75
31.44       0.7
31.52       0.65
31.6       0.6
31.68       0.55
31.76       0.5
31.84       0.45
31.92       0.4
32       0.35
32.08       0.31
32.16       0.26
32.24       0.22
32.32       0.17
32.4       0.13
32.48       0.08
32.56       0.04
32.64       -0.01
32.72       -0.05
32.8       -0.09
32.88       -0.14
32.96       -0.18
33.04       -0.23
33.12       -0.27
33.2       -0.32
33.28       -0.37
33.36       -0.41
33.44       -0.46
33.52       -0.51
33.6       -0.56
33.68       -0.61
33.76       -0.66
33.84       -0.71
33.92       -0.76
34       -0.81
34.08       -0.86
34.16       -0.91
34.24       -0.96
34.32       -1.01
34.4       -1.06
34.48       -1.1
34.56       -1.15
34.64       -1.18
34.72       -1.22
34.8       -1.25
34.88       -1.28
34.96       -1.3
35.04       -1.31
35.12       -1.32
35.2       -1.32
35.28       -1.32
35.3601       -1.31
35.4401       -1.3
35.5201       -1.28
35.6001       -1.25
35.6801       -1.22
35.7601       -1.19
35.8401       -1.15
35.9201       -1.11
36.0001       -1.06
36.0801       -1.02
36.1601       -0.97
36.2401       -0.92
36.3201       -0.87
36.4001       -0.82
36.4801       -0.77
36.5601       -0.71
36.6401       -0.66
36.7201       -0.61
36.8001       -0.56
36.8801       -0.51
36.9601       -0.46
37.0401       -0.42
37.1201       -0.37
37.2001       -0.32
37.2801       -0.28
37.3601       -0.23
37.4401       -0.19
37.5201       -0.14
37.6001       -0.1
37.6801       -0.05
37.7601       -0.01
37.8401       0.04
37.9201       0.08
38.0001       0.12
38.0801       0.17
38.1601       0.21
38.2401       0.26
38.3201       0.3
38.4001       0.35
38.4801       0.4
38.5601       0.45
38.6401       0.49
38.7201       0.54
38.8001       0.59
38.8801       0.64
38.9601       0.69
39.0401       0.75
39.1201       0.8
39.2001       0.85
39.2801       0.9
39.3601       0.95
39.4401       1
39.5201       1.04
39.6001       1.09
39.6801       1.13
39.7602       1.17
39.8402       1.21
39.9202       1.24
40.0002       1.27
40.0802       1.29
40.1602       1.31
40.2402       1.32
40.3202       1.32
40.4002       1.32
40.4802       1.32
40.5602       1.3
40.6402       1.28
40.7202       1.26
40.8002       1.23
40.8802       1.2
40.9602       1.16
41.0402       1.12
41.1202       1.08
41.2002       1.03
41.2802       0.98
41.3602       0.93
41.4402       0.88
41.5202       0.83
41.6002       0.78
41.6802       0.73
41.7602       0.68
41.8402       0.63
41.9202       0.58
42.0002       0.53
42.0802       0.48
42.1602       0.43
42.2402       0.38
42.3202       0.34
42.4002       0.29
42.4802       0.25
42.5602       0.2
42.6402       0.16
42.7202       0.11
42.8002       0.07
42.8802       0.02
42.9602       -0.02
43.0402       -0.06
43.1202       -0.11
43.2002       -0.15
43.2802       -0.2
43.3602       -0.24
43.4402       -0.29
43.5202       -0.34
43.6002       -0.38
43.6802       -0.43
43.7602       -0.48
43.8402       -0.53
43.9202       -0.58
44.0002       -0.63
44.0802       -0.68
44.1603       -0.73
44.2403       -0.78
44.3203       -0.83
44.4003       -0.88
44.4803       -0.93
44.5603       -0.98
44.6403       -1.03
44.7203       -1.08
44.8003       -1.12
44.8803       -1.16
44.9603       -1.2
45.0403       -1.23
45.1203       -1.26
45.2003       -1.28
45.2803       -1.3
45.3603       -1.32
45.4403       -1.32
45.5203       -1.32
45.6003       -1.32
45.6803       -1.31
45.7603       -1.29
45.8403       -1.27
45.9203       -1.24
46.0003       -1.21
46.0803       -1.17
46.1603       -1.13
46.2403       -1.09
46.3203       -1.05
46.4003       -1
46.4803       -0.95
46.5603       -0.9
46.6403       -0.85
46.7203       -0.8
46.8003       -0.75
46.8803       -0.7
46.9603       -0.65
47.0403       -0.6
47.1203       -0.55
47.2003       -0.5
47.2803       -0.45
47.3603       -0.4
47.4403       -0.35
47.5203       -0.31
47.6003       -0.26
47.6803       -0.21
47.7603       -0.17
47.8403       -0.13
47.9203       -0.08
48.0003       -0.04
48.0803       0.01
48.1603       0.05
48.2403       0.09
48.3203       0.14
48.4003       0.18
48.4804       0.23
48.5604       0.27
48.6404       0.32
48.7204       0.37
48.8004       0.41
48.8804       0.46
48.9604       0.51
49.0404       0.56
49.1204       0.61
49.2004       0.66
49.2804       0.71
49.3604       0.76
49.4404       0.81
49.5204       0.87
49.6004       0.92
49.6804       0.97
49.7604       1.01
49.8404       1.06
49.9204       1.11
50.0004       1.15
50.0804       1.19
50.1604       1.22
50.2404       1.25
50.3204       1.28
50.4004       1.3
50.4804       1.31
50.5604       1.32
50.6404       1.32
50.7204       1.32
50.8004       1.31
50.8804       1.3
50.9604       1.28
51.0404       1.25
51.1204       1.22
51.2004       1.19
51.2804       1.15
51.3604       1.11
51.4404       1.06
51.5204       1.02
51.6004       0.97
51.6804       0.92
51.7604       0.87
51.8404       0.82
51.9204       0.76
52.0004       0.71
52.0804       0.66
52.1604       0.61
52.2404       0.56
52.3204       0.51
52.4004       0.46
52.4804       0.41
52.5604       0.37
52.6404       0.32
52.7204       0.27
52.8004       0.23
52.8805       0.18
52.9605       0.14
53.0405       0.1
53.1205       0.05
53.2005       0.01
53.2805       -0.04
53.3605       -0.08
53.4405       -0.12
53.5205       -0.17
53.6005       -0.21
53.6805       -0.26
53.7605       -0.31
53.8405       -0.35
53.9205       -0.4
54.0005       -0.45
54.0805       -0.5
54.1605       -0.54
54.2405       -0.59
54.3205       -0.64
54.4005       -0.7
54.4805       -0.75
54.5605       -0.8
54.6405       -0.85
54.7205       -0.9
54.8005       -0.95
54.8805       -1
54.9605       -1.05
55.0405       -1.09
55.1205       -1.13
55.2005       -1.17
55.2805       -1.21
55.3605       -1.24
55.4405       -1.27
55.5205       -1.29
55.6005       -1.31
55.6805       -1.32
55.7605       -1.32
55.8405       -1.32
55.9205       -1.32
56.0005       -1.3
56.0805       -1.28
56.1605       -1.26
56.2405       -1.23
56.3205       -1.2
56.4005       -1.16
56.4805       -1.12
56.5605       -1.08
56.6405       -1.03
56.7205       -0.98
56.8005       -0.93
56.8805       -0.88
56.9605       -0.83
57.0405       -0.78
57.1205       -0.73
57.2006       -0.68
57.2806       -0.63
57.3606       -0.58
57.4406       -0.53
57.5206       -0.48
57.6006       -0.43
57.6806       -0.38
57.7606       -0.34
57.8406       -0.29
57.9206       -0.24
58.0006       -0.2
58.0806       -0.15
58.1606       -0.11
58.2406       -0.07
58.3206       -0.02
58.4006       0.02
58.4806       0.07
58.5606       0.11
58.6406       0.16
58.7206       0.2
58.8006       0.25
58.8806       0.29
58.9606       0.34
59.0406       0.38
59.1206       0.43
59.2006       0.48
59.2806       0.53
59.3606       0.58
59.4406       0.63
59.5206       0.68
59.6006       0.73
59.6806       0.78
59.7606       0.83
59.8406       0.88
59.9206       0.93
60.0006       0.98
60.0806       1.03
60.1606       1.08
60.2406       1.12
60.3206       1.16
60.4006       1.2
60.4806       1.23
60.5606       1.26
60.6406       1.28
60.7206       1.3
60.8006       1.32
60.8806       1.32
60.9606       1.32
61.0406       1.32
61.1206       1.31
61.2006       1.29
61.2806       1.27
61.3606       1.24
61.4406       1.21
61.5206       1.17
61.6007       1.13
61.6807       1.09
61.7607       1.05
61.8407       1
61.9207       0.95
62.0007       0.9
62.0807       0.85
62.1607       0.8
62.2407       0.75
62.3207       0.69
62.4007       0.64
62.4807       0.59
62.5607       0.54
62.6407       0.49
62.7207       0.45
62.8007       0.4
62.8807       0.35
62.9607       0.3
63.0407       0.26
63.1207       0.21
63.2007       0.17
63.2807       0.12
63.3607       0.08
63.4407       0.04
63.5207       -0.01
63.6007       -0.05
63.6807       -0.1
63.7607       -0.14
63.8407       -0.19
63.9207       -0.23
