0.08       1
0.16       0.97
0.24       0.94
0.32       0.91
0.4       0.88
0.48       0.85
0.56       0.82
0.64       0.79
0.72       0.77
0.8       0.74
0.88       0.72
0.96       0.7
1.04       0.68
1.12       0.66
1.2       0.65
1.28       0.63
1.36       0.62
1.44       0.61
1.52       0.61
1.6       0.6
1.68       0.6
1.76       0.6
1.84       0.6
1.92       0.6
2       0.61
2.08       0.62
2.16       0.63
2.24       0.64
2.32       0.65
2.4       0.67
2.48       0.68
2.56       0.7
2.64       0.72
2.72       0.75
2.8       0.77
2.88       0.8
2.96       0.83
3.04       0.85
3.12       0.88
3.2       0.92
3.28       0.95
3.36       0.98
3.44       1.01
3.52       1.04
3.6       1.07
3.68       1.1
3.76       1.12
3.84       1.15
3.92       1.17
4       1.18
4.08       1.2
4.16       1.21
4.24       1.21
4.32       1.22
4.4       1.22
4.48       1.21
4.56       1.2
4.64       1.19
4.72       1.17
4.8       1.15
4.88       1.12
4.96       1.1
5.04       1.07
5.12       1.04
5.2       1.01
5.28       0.98
5.36       0.95
5.44       0.92
5.52       0.89
5.6       0.86
5.68       0.83
5.76       0.8
5.84       0.77
5.92       0.75
6       0.73
6.08       0.71
6.16       0.69
6.24       0.67
6.32       0.65
6.4       0.64
6.48       0.63
6.56       0.62
6.64       0.61
6.72       0.6
6.8       0.6
6.88       0.6
6.96       0.6
7.04       0.6
7.12       0.61
7.2       0.61
7.28       0.62
7.36       0.63
7.44       0.65
7.52       0.66
7.6       0.68
7.68       0.7
7.75999       0.72
7.83999       0.74
7.91999       0.76
7.99999       0.79
8.08       0.82
8.16       0.84
8.24       0.87
8.31999       0.9
8.39999       0.94
8.47999       0.97
8.55999       1
8.63999       1.03
8.71999       1.06
8.79999       1.09
8.87999       1.11
8.95999       1.14
9.03999       1.16
9.11999       1.18
9.19999       1.19
9.27999       1.21
9.35999       1.21
9.43999       1.22
9.51999       1.22
9.59999       1.21
9.67999       1.2
9.75999       1.19
9.83999       1.17
9.91999       1.15
9.99999       1.13
10.08       1.11
10.16       1.08
10.24       1.05
10.32       1.02
10.4       0.99
10.48       0.96
10.56       0.93
10.64       0.9
10.72       0.87
10.8       0.84
10.88       0.81
10.96       0.78
11.04       0.76
11.12       0.73
11.2       0.71
11.28       0.69
11.36       0.67
11.44       0.66
11.52       0.64
11.6       0.63
11.68       0.62
11.76       0.61
11.84       0.61
11.92       0.6
12       0.6
12.08       0.6
12.16       0.6
12.24       0.61
12.32       0.61
12.4       0.62
12.48       0.63
12.56       0.64
12.64       0.66
12.72       0.67
12.8       0.69
12.88       0.71
12.96       0.73
13.04       0.76
13.12       0.78
13.2       0.81
13.28       0.84
13.36       0.86
13.44       0.89
13.52       0.93
13.6       0.96
13.68       0.99
13.76       1.02
13.84       1.05
13.92       1.08
14       1.1
14.08       1.13
14.16       1.15
14.24       1.17
14.32       1.19
14.4       1.2
14.48       1.21
14.56       1.22
14.64       1.22
14.72       1.21
14.8       1.21
14.88       1.2
14.96       1.18
15.04       1.16
15.12       1.14
15.2       1.12
15.28       1.09
15.36       1.06
15.44       1.03
15.52       1
15.6       0.97
15.68       0.94
15.76       0.91
15.84       0.88
15.92       0.85
16       0.82
16.08       0.79
16.16       0.77
16.24       0.74
16.32       0.72
16.4       0.7
16.48       0.68
16.56       0.66
16.64       0.65
16.72       0.63
16.8       0.62
16.88       0.61
16.96       0.61
17.04       0.6
17.12       0.6
17.2       0.6
17.28       0.6
17.36       0.6
17.44       0.61
17.52       0.62
17.6       0.63
17.68       0.64
17.76       0.65
17.84       0.67
17.92       0.68
18       0.7
18.08       0.72
18.16       0.75
18.24       0.77
18.32       0.8
18.4       0.83
18.48       0.85
18.56       0.88
18.64       0.91
18.72       0.95
18.8       0.98
18.88       1.01
18.96       1.04
19.04       1.07
19.12       1.1
19.2       1.12
19.28       1.15
19.36       1.17
19.44       1.18
19.52       1.2
19.6       1.21
19.68       1.22
19.76       1.22
19.84       1.22
19.92       1.21
20       1.2
20.08       1.19
20.16       1.17
20.24       1.15
20.32       1.12
20.4       1.1
20.48       1.07
20.56       1.04
20.64       1.01
20.72       0.98
20.8       0.95
20.88       0.92
20.96       0.89
21.04       0.86
21.12       0.83
21.2       0.8
21.28       0.77
21.36       0.75
21.44       0.73
21.52       0.71
21.6       0.69
21.68       0.67
21.76       0.65
21.84       0.64
21.92       0.63
22       0.62
22.08       0.61
22.16       0.6
22.24       0.6
22.32       0.6
22.4       0.6
22.48       0.6
22.56       0.61
22.64       0.61
22.72       0.62
22.8       0.63
22.88       0.65
22.96       0.66
23.04       0.68
23.12       0.7
23.2       0.72
23.28       0.74
23.36       0.76
23.44       0.79
23.52       0.82
23.6       0.84
23.68       0.87
23.76       0.9
23.84       0.94
23.92       0.97
24       1
24.08       1.03
24.16       1.06
24.24       1.09
24.32       1.11
24.4       1.14
24.48       1.16
24.56       1.18
24.64       1.19
24.72       1.21
24.8       1.21
24.88       1.22
24.96       1.22
25.04       1.21
25.12       1.2
25.2       1.19
25.28       1.17
25.36       1.15
25.44       1.13
25.52       1.11
25.6       1.08
25.68       1.05
25.76       1.02
25.84       0.99
25.92       0.96
26       0.93
26.08       0.9
26.16       0.87
26.24       0.84
26.32       0.81
26.4       0.78
26.48       0.76
26.56       0.73
26.64       0.71
26.72       0.69
26.8       0.67
26.88       0.66
26.96       0.64
27.04       0.63
27.12       0.62
27.2       0.61
27.28       0.61
27.36       0.6
27.44       0.6
27.52       0.6
27.6       0.6
27.68       0.61
27.76       0.61
27.84       0.62
27.92       0.63
28       0.64
28.08       0.66
28.16       0.67
28.24       0.69
28.32       0.71
28.4       0.73
28.48       0.76
28.56       0.78
28.64       0.81
28.72       0.84
28.8       0.86
28.88       0.89
28.96       0.93
29.04       0.96
29.12       0.99
29.2       1.02
29.28       1.05
29.36       1.08
29.44       1.1
29.52       1.13
29.6       1.15
29.68       1.17
29.76       1.19
29.84       1.2
29.92       1.21
30       1.22
30.08       1.22
30.16       1.21
30.24       1.21
30.32       1.2
30.4       1.18
30.48       1.16
30.56       1.14
30.64       1.12
30.72       1.09
30.8       1.06
30.88       1.03
30.96       1
31.04       0.97
31.12       0.94
31.2       0.91
31.28       0.88
31.36       0.85
31.44       0.82
31.52       0.79
31.6       0.77
31.68       0.74
31.76       0.72
31.84       0.7
31.92       0.68
32       0.66
32.08       0.65
32.16       0.63
32.24       0.62
32.32       0.61
32.4       0.61
32.48       0.6
32.56       0.6
32.64       0.6
32.72       0.6
32.8       0.6
32.88       0.61
32.96       0.62
33.04       0.63
33.12       0.64
33.2       0.65
33.28       0.67
33.36       0.68
33.44       0.7
33.52       0.72
33.6       0.75
33.68       0.77
33.76       0.8
33.84       0.83
33.92       0.85
34       0.88
34.08       0.92
34.16       0.95
34.24       0.98
34.32       1.01
34.4       1.04
34.48       1.07
34.56       1.1
34.64       1.12
34.72       1.15
34.8       1.17
34.88       1.18
34.96       1.2
35.04       1.21
35.12       1.22
35.2       1.22
35.28       1.22
35.3601       1.21
35.4401       1.2
35.5201       1.19
35.6001       1.17
35.6801       1.15
35.7601       1.12
35.8401       1.1
35.9201       1.07
36.0001       1.04
36.0801       1.01
36.1601       0.98
36.2401       0.95
36.3201       0.92
36.4001       0.89
36.4801       0.86
36.5601       0.83
36.6401       0.8
36.7201       0.77
36.8001       0.75
36.8801       0.73
36.9601       0.71
37.0401       0.69
37.1201       0.67
37.2001       0.65
37.2801       0.64
37.3601       0.63
37.4401       0.62
37.5201       0.61
37.6001       0.6
37.6801       0.6
37.7601       0.6
37.8401       0.6
37.9201       0.6
38.0001       0.61
38.0801       0.61
38.1601       0.62
38.2401       0.63
38.3201       0.65
38.4001       0.66
38.4801       0.68
38.5601       0.7
38.6401       0.72
38.7201       0.74
38.8001       0.76
38.8801       0.79
38.9601       0.82
39.0401       0.85
39.1201       0.87
39.2001       0.91
39.2801       0.94
39.3601       0.97
39.4401       1
39.5201       1.03
39.6001       1.06
39.6801       1.09
39.7602       1.11
39.8402       1.14
39.9202       1.16
40.0002       1.18
40.0802       1.19
40.1602       1.21
40.2402       1.21
40.3202       1.22
40.4002       1.22
40.4802       1.21
40.5602       1.2
40.6402       1.19
40.7202       1.17
40.8002       1.15
40.8802       1.13
40.9602       1.11
41.0402       1.08
41.1202       1.05
41.2002       1.02
41.2802       0.99
41.3602       0.96
41.4402       0.93
41.5202       0.9
41.6002       0.87
41.6802       0.84
41.7602       0.81
41.8402       0.78
41.9202       0.76
42.0002       0.73
42.0802       0.71
42.1602       0.69
42.2402       0.67
42.3202       0.66
42.4002       0.64
42.4802       0.63
42.5602       0.62
42.6402       0.61
42.7202       0.61
42.8002       0.6
42.8802       0.6
42.9602       0.6
43.0402       0.6
43.1202       0.61
43.2002       0.61
43.2802       0.62
43.3602       0.63
43.4402       0.64
43.5202       0.66
43.6002       0.67
43.6802       0.69
43.7602       0.71
43.8402       0.73
43.9202       0.76
44.0002       0.78
44.0802       0.81
44.1603       0.84
44.2403       0.87
44.3203       0.9
44.4003       0.93
44.4803       0.96
44.5603       0.99
44.6403       1.02
44.7203       1.05
44.8003       1.08
44.8803       1.11
44.9603       1.13
45.0403       1.15
45.1203       1.17
45.2003       1.19
45.2803       1.2
45.3603       1.21
45.4403       1.22
45.5203       1.22
45.6003       1.21
45.6803       1.21
45.7603       1.2
45.8403       1.18
45.9203       1.16
46.0003       1.14
46.0803       1.11
46.1603       1.09
46.2403       1.06
46.3203       1.03
46.4003       1
46.4803       0.97
46.5603       0.94
46.6403       0.91
46.7203       0.88
46.8003       0.85
46.8803       0.82
46.9603       0.79
47.0403       0.77
47.1203       0.74
47.2003       0.72
47.2803       0.7
47.3603       0.68
47.4403       0.66
47.5203       0.65
47.6003       0.63
47.6803       0.62
47.7603       0.61
47.8403       0.61
47.9203       0.6
48.0003       0.6
48.0803       0.6
48.1603       0.6
48.2403       0.6
48.3203       0.61
48.4003       0.62
48.4804       0.63
48.5604       0.64
48.6404       0.65
48.7204       0.67
48.8004       0.68
48.8804       0.7
48.9604       0.73
49.0404       0.75
49.1204       0.77
49.2004       0.8
49.2804       0.83
49.3604       0.86
49.4404       0.89
49.5204       0.92
49.6004       0.95
49.6804       0.98
49.7604       1.01
49.8404       1.04
49.9204       1.07
50.0004       1.1
50.0804       1.12
50.1604       1.15
50.2404       1.17
50.3204       1.18
50.4004       1.2
50.4804       1.21
50.5604       1.22
50.6404       1.22
50.7204       1.22
50.8004       1.21
50.8804       1.2
50.9604       1.19
51.0404       1.17
51.1204       1.15
51.2004       1.12
51.2804       1.1
51.3604       1.07
51.4404       1.04
51.5204       1.01
51.6004       0.98
51.6804       0.95
51.7604       0.92
51.8404       0.89
51.9204       0.86
52.0004       0.83
52.0804       0.8
52.1604       0.77
52.2404       0.75
52.3204       0.73
52.4004       0.7
52.4804       0.68
52.5604       0.67
52.6404       0.65
52.7204       0.64
52.8004       0.63
52.8805       0.62
52.9605       0.61
53.0405       0.6
53.1205       0.6
53.2005       0.6
53.2805       0.6
53.3605       0.6
53.4405       0.61
53.5205       0.61
53.6005       0.62
53.6805       0.63
53.7605       0.65
53.8405       0.66
53.9205       0.68
54.0005       0.7
54.0805       0.72
54.1605       0.74
54.2405       0.77
54.3205       0.79
54.4005       0.82
54.4805       0.85
54.5605       0.88
54.6405       0.91
54.7205       0.94
54.8005       0.97
54.8805       1
54.9605       1.03
55.0405       1.06
55.1205       1.09
55.2005       1.11
55.2805       1.14
55.3605       1.16
55.4405       1.18
55.5205       1.19
55.6005       1.21
55.6805       1.21
55.7605       1.22
55.8405       1.22
55.9205       1.21
56.0005       1.2
56.0805       1.19
56.1605       1.17
56.2405       1.15
56.3205       1.13
56.4005       1.11
56.4805       1.08
56.5605       1.05
56.6405       1.02
56.7205       0.99
56.8005       0.96
56.8805       0.93
56.9605       0.9
57.0405       0.87
57.1205       0.84
57.2006       0.81
57.2806       0.78
57.3606       0.76
57.4406       0.73
57.5206       0.71
57.6006       0.69
57.6806       0.67
57.7606       0.66
57.8406       0.64
57.9206       0.63
58.0006       0.62
58.0806       0.61
58.1606       0.61
58.2406       0.6
58.3206       0.6
58.4006       0.6
58.4806       0.6
58.5606       0.61
58.6406       0.61
58.7206       0.62
58.8006       0.63
58.8806       0.64
58.9606       0.66
59.0406       0.67
59.1206       0.69
59.2006       0.71
59.2806       0.73
59.3606       0.76
59.4406       0.78
59.5206       0.81
59.6006       0.84
59.6806       0.87
59.7606       0.9
59.8406       0.93
59.9206       0.96
60.0006       0.99
60.0806       1.02
60.1606       1.05
60.2406       1.08
60.3206       1.11
60.4006       1.13
60.4806       1.15
60.5606       1.17
60.6406       1.19
60.7206       1.2
60.8006       1.21
60.8806       1.22
60.9606       1.22
61.0406       1.21
61.1206       1.21
61.2006       1.19
61.2806       1.18
61.3606       1.16
61.4406       1.14
61.5206       1.11
61.6007       1.09
61.6807       1.06
61.7607       1.03
61.8407       1
61.9207       0.97
62.0007       0.94
62.0807       0.91
62.1607       0.88
62.2407       0.85
62.3207       0.82
62.4007       0.79
62.4807       0.76
62.5607       0.74
62.6407       0.72
62.7207       0.7
62.8007       0.68
62.8807       0.66
62.9607       0.65
63.0407       0.63
63.1207       0.62
63.2007       0.61
63.2807       0.61
63.3607       0.6
63.4407       0.6
63.5207       0.6
63.6007       0.6
63.6807       0.6
63.7607       0.61
63.8407       0.62
63.9207       0.63
